function [ array_demands ] = create_demands
%array_demands = [
%    450 400 400 200 150 450 250 200 450 300 475 550
%];

%%
%var1 = 25
    array_demands = [8 21 22 13 14 4 10 7 16 15 6 11 25 5 2 1 19 12 9 3 23 18 17 24];
%%
%var2 = 50
    %array_demands = [24 50 39 16 14 11 38 5 6 27 45 21 34 40 10 32 2 7 13 9 12 48 15 ...
    %    22 25 31 23 19 46 3 37 17 36 26 43 44 33 20 47 28 30 41 42 8 35 4 29 1 49];

end

